255 255 255 255 255 255 255 255 255 255 255 255 255 255 255 255
255 255 255 255 255 255 255 255 255 255 255 255 255 255 255 255
255 255 255 255 255 255 255 255 255 255 255 255 255 255 255 255
255 255 255 191 127 127 211 235 255 184 127 127 183 255 255 255
255 255 255 127  39 118 115  81 179 197 130  21 132 255 255 255
255 255 255 127 118 105 137 142 172  82 102 116 127 255 255 255
255 255 255 159 116 161 121 151 145 190 137 179 226 255 255 255
255 255 255 190 151  95 122  94 143  56  85 189 139 255 255 255
255 255 255 153 172  78 114 143 146  89 170 129 165 255 255 255
255 255 255 148  93  96 101 122 129  50  49  92 207 255 255 255
255 255 255 127 130 102 116  58 201 109 168  72 185 255 255 255
255 255 255 127  21 116  64 194  70  69 125 115 122 255 255 255
255 255 255 183 132 127 147 168 166 188 112 124 176 255 255 255
255 255 255 255 255 255 255 255 255 255 255 255 255 255 255 255
255 255 255 255 255 255 255 255 255 255 255 255 255 255 255 255
255 255 255 255 255 255 255 255 255 255 255 255 255 255 255 255
255 255 255 255 255 255 255 255 255 255 255 255 255 255 255 255
255 255 255 255 255 255 255 255 255 255 255 255 255 255 255 255
255 255 255 255 255 255 255 255 255 255 255 255 255 255 255 255
255 255 255 191 127 127 211 235 255 184 127 127 183 255 255 255
255 255 255 127  39 118 115  81 179 197 130  21 132 255 255 255
255 255 255 127 118 105 137 142 172  82 102 116 127 255 255 255
255 255 255 159 116 161 121 151 145 190 137 179 226 255 255 255
255 255 255 190 151  95 122  94 143  56  85 189 139 255 255 255
255 255 255 153 172  78 114 143 146  89 170 129 165 255 255 255
255 255 255 148  93  96 101 122 129  50  49  92 207 255 255 255
255 255 255 127 130 102 116  58 201 109 168  72 185 255 255 255
255 255 255 127  21 116  64 194  70  69 125 115 122 255 255 255
255 255 255 183 132 127 147 168 166 188 112 124 176 255 255 255
255 255 255 255 255 255 255 255 255 255 255 255 255 255 255 255
255 255 255 255 255 255 255 255 255 255 255 255 255 255 255 255
255 255 255 255 255 255 255 255 255 255 255 255 255 255 255 255
255 255 255 255 255 255 255 255 255 255 255 255 255 255 255 255
255 255 255 255 255 255 255 255 255 255 255 255 255 255 255 255
255 255 255 255 255 255 255 255 255 255 255 255 255 255 255 255
255 255 255 191 127 127 211 235 255 184 127 127 183 255 255 255
255 255 255 127  39 118 115  81 179 197 130  21 132 255 255 255
255 255 255 127 118 105 137 142 172  82 102 116 127 255 255 255
255 255 255 159 116 161 121 151 145 190 137 179 226 255 255 255
255 255 255 190 151  95 122  94 143  56  85 189 139 255 255 255
255 255 255 153 172  78 114 143 146  89 170 129 165 255 255 255
255 255 255 148  93  96 101 122 129  50  49  92 207 255 255 255
255 255 255 127 130 102 116  58 201 109 168  72 185 255 255 255
255 255 255 127  21 116  64 194  70  69 125 115 122 255 255 255
255 255 255 183 132 127 147 168 166 188 112 124 176 255 255 255
255 255 255 255 255 255 255 255 255 255 255 255 255 255 255 255
255 255 255 255 255 255 255 255 255 255 255 255 255 255 255 255
255 255 255 255 255 255 255 255 255 255 255 255 255 255 255 255

255 255 255 255 255 255 255 255 255 255 255 255 255 255 255 255
255 255 255 255 255 255 255 255 255 255 255 255 255 255 255 255
255 255 255 255 255 255 255 255 255 255 255 255 255 255 255 255
255 255 255 183 130 127 236 141 168 209 185 125 183 255 255 255
255 255 255 130  21 124 175 185 126  92  74 113 126 255 255 255
255 255 255 127 124 102 137  81 163  59 151 121 120 255 255 255
255 255 255 185 199  87 193  53  88  54 109  72 200 255 255 255
255 255 255 247 187 171 147 150 147 123 198  75 169 255 255 255
255 255 255 228  80 151 153  90 155 130  59 194 174 255 255 255
255 255 255 202 111 130 111 127 114 100 107  53 148 255 255 255
255 255 255 127 124 102 166  99  76  97 102 124 127 255 255 255
255 255 255 130  21 124 115 157 170  94 124  21 130 255 255 255
255 255 255 183 130 127 148 188 150 156 127 130 183 255 255 255
255 255 255 255 255 255 255 255 255 255 255 255 255 255 255 255
255 255 255 255 255 255 255 255 255 255 255 255 255 255 255 255
255 255 255 255 255 255 255 255 255 255 255 255 255 255 255 255
255 255 255 255 255 255 255 255 255 255 255 255 255 255 255 255
255 255 255 255 255 255 255 255 255 255 255 255 255 255 255 255
255 255 255 255 255 255 255 255 255 255 255 255 255 255 255 255
255 255 255 183 130 127 236 141 168 209 185 125 183 255 255 255
255 255 255 130  21 124 175 185 126  92  74 113 126 255 255 255
255 255 255 127 124 102 137  81 163  59 151 121 120 255 255 255
255 255 255 185 199  87 193  53  88  54 109  72 200 255 255 255
255 255 255 247 187 171 147 150 147 123 198  75 169 255 255 255
255 255 255 228  80 151 153  90 155 130  59 194 174 255 255 255
255 255 255 202 111 130 111 127 114 100 107  53 148 255 255 255
255 255 255 127 124 102 166  99  76  97 102 124 127 255 255 255
255 255 255 130  21 124 115 157 170  94 124  21 130 255 255 255
255 255 255 183 130 127 148 188 150 156 127 130 183 255 255 255
255 255 255 255 255 255 255 255 255 255 255 255 255 255 255 255
255 255 255 255 255 255 255 255 255 255 255 255 255 255 255 255
255 255 255 255 255 255 255 255 255 255 255 255 255 255 255 255
255 255 255 255 255 255 255 255 255 255 255 255 255 255 255 255
255 255 255 255 255 255 255 255 255 255 255 255 255 255 255 255
255 255 255 255 255 255 255 255 255 255 255 255 255 255 255 255
255 255 255 183 130 127 236 141 168 209 185 125 183 255 255 255
255 255 255 130  21 124 175 185 126  92  74 113 126 255 255 255
255 255 255 127 124 102 137  81 163  59 151 121 120 255 255 255
255 255 255 185 199  87 193  53  88  54 109  72 200 255 255 255
255 255 255 247 187 171 147 150 147 123 198  75 169 255 255 255
255 255 255 228  80 151 153  90 155 130  59 194 174 255 255 255
255 255 255 202 111 130 111 127 114 100 107  53 148 255 255 255
255 255 255 127 124 102 166  99  76  97 102 124 127 255 255 255
255 255 255 130  21 124 115 157 170  94 124  21 130 255 255 255
255 255 255 183 130 127 148 188 150 156 127 130 183 255 255 255
255 255 255 255 255 255 255 255 255 255 255 255 255 255 255 255
255 255 255 255 255 255 255 255 255 255 255 255 255 255 255 255
255 255 255 255 255 255 255 255 255 255 255 255 255 255 255 255

255 255 255 255 255 255 255 255 255 255 255 255 255 255 255 255
255 255 255 255 255 255 255 255 255 255 255 255 255 255 255 255
255 255 255 255 255 255 255 255 255 255 255 255 255 255 255 255
255 255 255 183 126 120 200 169 174 148 127 130 183 255 255 255
255 255 255 125 113 121  72  75 194  53 124  21 130 255 255 255
255 255 255 185  74 151 109 198  59 107 102 124 127 255 255 255
255 255 255 209  92  59  54 123 130 100  97  94 156 255 255 255
255 255 255 168 126 163  88 147 155 114  76 170 150 255 255 255
255 255 255 141 185  81  53 150  90 127  99 157 188 255 255 255
255 255 255 236 175 137 193 147 153 111 166 115 148 255 255 255
255 255 255 127 124 102  87 171 151 130 102 124 127 255 255 255
255 255 255 130  21 124 199 187  80 111 124  21 130 255 255 255
255 255 255 183 130 127 185 247 228 202 127 130 183 255 255 255
255 255 255 255 255 255 255 255 255 255 255 255 255 255 255 255
255 255 255 255 255 255 255 255 255 255 255 255 255 255 255 255
255 255 255 255 255 255 255 255 255 255 255 255 255 255 255 255
255 255 255 255 255 255 255 255 255 255 255 255 255 255 255 255
255 255 255 255 255 255 255 255 255 255 255 255 255 255 255 255
255 255 255 255 255 255 255 255 255 255 255 255 255 255 255 255
255 255 255 183 126 120 200 169 174 148 127 130 183 255 255 255
255 255 255 125 113 121  72  75 194  53 124  21 130 255 255 255
255 255 255 185  74 151 109 198  59 107 102 124 127 255 255 255
255 255 255 209  92  59  54 123 130 100  97  94 156 255 255 255
255 255 255 168 126 163  88 147 155 114  76 170 150 255 255 255
255 255 255 141 185  81  53 150  90 127  99 157 188 255 255 255
255 255 255 236 175 137 193 147 153 111 166 115 148 255 255 255
255 255 255 127 124 102  87 171 151 130 102 124 127 255 255 255
255 255 255 130  21 124 199 187  80 111 124  21 130 255 255 255
255 255 255 183 130 127 185 247 228 202 127 130 183 255 255 255
255 255 255 255 255 255 255 255 255 255 255 255 255 255 255 255
255 255 255 255 255 255 255 255 255 255 255 255 255 255 255 255
255 255 255 255 255 255 255 255 255 255 255 255 255 255 255 255
255 255 255 255 255 255 255 255 255 255 255 255 255 255 255 255
255 255 255 255 255 255 255 255 255 255 255 255 255 255 255 255
255 255 255 255 255 255 255 255 255 255 255 255 255 255 255 255
255 255 255 183 126 120 200 169 174 148 127 130 183 255 255 255
255 255 255 125 113 121  72  75 194  53 124  21 130 255 255 255
255 255 255 185  74 151 109 198  59 107 102 124 127 255 255 255
255 255 255 209  92  59  54 123 130 100  97  94 156 255 255 255
255 255 255 168 126 163  88 147 155 114  76 170 150 255 255 255
255 255 255 141 185  81  53 150  90 127  99 157 188 255 255 255
255 255 255 236 175 137 193 147 153 111 166 115 148 255 255 255
255 255 255 127 124 102  87 171 151 130 102 124 127 255 255 255
255 255 255 130  21 124 199 187  80 111 124  21 130 255 255 255
255 255 255 183 130 127 185 247 228 202 127 130 183 255 255 255
255 255 255 255 255 255 255 255 255 255 255 255 255 255 255 255
255 255 255 255 255 255 255 255 255 255 255 255 255 255 255 255
255 255 255 255 255 255 255 255 255 255 255 255 255 255 255 255

255 255 255 255 255 255 255 255 255 255 255 255 255 255 255 255
255 255 255 255 255 255 255 255 255 255 255 255 255 255 255 255
255 255 255 255 255 255 255 255 255 255 255 255 255 255 255 255
255 255 255 183 130 127 156 150 188 148 127 130 183 255 255 255
255 255 255 130  21 124  94 170 157 115 124  21 130 255 255 255
255 255 255 127 124 102  97  76  99 166 102 124 127 255 255 255
255 255 255 148  53 107 100 114 127 111 130 111 202 255 255 255
255 255 255 174 194  59 130 155  90 153 151  80 228 255 255 255
255 255 255 169  75 198 123 147 150 147 171 187 247 255 255 255
255 255 255 200  72 109  54  88  53 193  87 199 185 255 255 255
255 255 255 120 121 151  59 163  81 137 102 124 127 255 255 255
255 255 255 126 113  74  92 126 185 175 124  21 130 255 255 255
255 255 255 183 125 185 209 168 141 236 127 130 183 255 255 255
255 255 255 255 255 255 255 255 255 255 255 255 255 255 255 255
255 255 255 255 255 255 255 255 255 255 255 255 255 255 255 255
255 255 255 255 255 255 255 255 255 255 255 255 255 255 255 255
255 255 255 255 255 255 255 255 255 255 255 255 255 255 255 255
255 255 255 255 255 255 255 255 255 255 255 255 255 255 255 255
255 255 255 255 255 255 255 255 255 255 255 255 255 255 255 255
255 255 255 183 130 127 156 150 188 148 127 130 183 255 255 255
255 255 255 130  21 124  94 170 157 115 124  21 130 255 255 255
255 255 255 127 124 102  97  76  99 166 102 124 127 255 255 255
255 255 255 148  53 107 100 114 127 111 130 111 202 255 255 255
255 255 255 174 194  59 130 155  90 153 151  80 228 255 255 255
255 255 255 169  75 198 123 147 150 147 171 187 247 255 255 255
255 255 255 200  72 109  54  88  53 193  87 199 185 255 255 255
255 255 255 120 121 151  59 163  81 137 102 124 127 255 255 255
255 255 255 126 113  74  92 126 185 175 124  21 130 255 255 255
255 255 255 183 125 185 209 168 141 236 127 130 183 255 255 255
255 255 255 255 255 255 255 255 255 255 255 255 255 255 255 255
255 255 255 255 255 255 255 255 255 255 255 255 255 255 255 255
255 255 255 255 255 255 255 255 255 255 255 255 255 255 255 255
255 255 255 255 255 255 255 255 255 255 255 255 255 255 255 255
255 255 255 255 255 255 255 255 255 255 255 255 255 255 255 255
255 255 255 255 255 255 255 255 255 255 255 255 255 255 255 255
255 255 255 183 130 127 156 150 188 148 127 130 183 255 255 255
255 255 255 130  21 124  94 170 157 115 124  21 130 255 255 255
255 255 255 127 124 102  97  76  99 166 102 124 127 255 255 255
255 255 255 148  53 107 100 114 127 111 130 111 202 255 255 255
255 255 255 174 194  59 130 155  90 153 151  80 228 255 255 255
255 255 255 169  75 198 123 147 150 147 171 187 247 255 255 255
255 255 255 200  72 109  54  88  53 193  87 199 185 255 255 255
255 255 255 120 121 151  59 163  81 137 102 124 127 255 255 255
255 255 255 126 113  74  92 126 185 175 124  21 130 255 255 255
255 255 255 183 125 185 209 168 141 236 127 130 183 255 255 255
255 255 255 255 255 255 255 255 255 255 255 255 255 255 255 255
255 255 255 255 255 255 255 255 255 255 255 255 255 255 255 255
255 255 255 255 255 255 255 255 255 255 255 255 255 255 255 255
